3,2
3,1
3,3
10,218
10,308
10,78
10,160
10,18
10,312
10,142
10,260
10,2
10,3
11,15
11,17
11,26
11,10
11,30
9,7
9,4
9,6
9,2
9,3
8,16
8,9
8,12
8,11
8,17
8,2
8,3
20,3
20,2
20,1
18,1
19,3
18,3
19,2
19,1
12,3
12,2
12,1
11,22
11,21
11,20
11,19
11,14
11,13
11,8
11,7
11,3
11,2
11,1
10,310
10,293
10,268
10,229
10,207
10,183
10,135
10,111
10,109
10,1
10,9
9,1
2,2
9,5
2,1
8,13
8,6
8,1
2,3
8,5
0,0
13,1
0,317
13,3
14,5
14,1
14,4
14,3
0,9
51,34
51,33
51,32
51,31
51,30
51,29
51,28
51,27
51,26
51,25
51,24
51,23
51,22
51,21
51,20
51,19
51,18
51,17
